1513
0.002
6 4
6 21
15 15
24 18
23 25
17 26
32 35
33 49
28 53
12 44
3 53
4 72
7 81
15 78
22 70
34 71
42 79
43 88
57 89
64 85
66 79
54 77
32 97
26 98
25 102
17 95
13 111
5 109
2 124
2 146
23 129
17 134
16 147
25 153
38 155
42 158
65 174
63 188
57 194
46 195
47 203
58 213
66 206
78 210
85 204
85 194
77 193
87 57
34 216
22 210
12 217
8 211
14 196
2 195
5 177
13 162
25 169
28 189
38 187
35 177
46 172
54 166
57 154
66 151
73 151
73 161
86 162
86 149
87 129
72 134
63 135
53 123
42 137
36 131
38 119
46 107
58 110
67 110
74 113
88 110
83 98
78 83
87 73
78 67
71 57
64 50
55 52
47 46
55 35
65 36
78 39
87 35
86 15
77 10
67 10
57 14
48 12
43 23
33 12
6 4
